28.4920753883363
28.0280963665328
27.5641173447293
27.1001383229258
26.6361593011223
26.1721802793188
25.7082012575153
25.2442222357118
24.7802432139083
24.3162641921048
23.8522851703013
23.3920630636541
22.9318409570069
22.4716188503597
22.0113967437125
21.5511746370653
21.0909525304181
20.6307304237709
20.1705083171237
19.7102862104765
19.2500641038293
18.7898419971821
18.3296198905349
17.8693977838877
17.4237337234712
16.9780696630547
16.5324056026382
16.0867415422217
15.6410774818051
15.1954134213886
15.0611037045508
14.9501039385691
14.8391041725874
14.7281044066057
14.617104640624
14.5061048746423
14.3951051086606
14.2841053426789
14.1731055766972
14.0621058107155
13.9511060447338
13.8401062787521
13.7291065127704
13.6181067467887
13.507106980807
13.3961072148253
13.2851074488436
13.1741076828619
13.0631079168802
12.9521081508985
12.8411083849168
12.7301086189351
12.6191088529534
12.5081090869717
12.39710932099
12.2861095550083
12.1751097890266
12.0641100230449
11.9531102570632
11.8421104910815
11.7311107250998
11.6201109591181
11.5091111931364
11.3981114271547
11.287111661173
11.1761118951913
11.0651121292096
10.9541123632279
10.8431125972462
10.7321128312645
10.6211130652828
10.5101132993011
10.3991135333194
10.2881137673377
10.177114001356
10.0661142353743
9.95511446939265
9.84411470341095
9.73311493742925
9.62211517144755
9.51111540546585
9.40011563948415
9.28911587350246
9.17811610752076
9.06711634153906
8.95611657555736
8.84511680957566
8.73411704359396
8.62311727761227
8.51211751163057
8.40111774564887
8.29011797966717
8.17911821368547
8.06811844770377
7.95711868172207
7.84611891574038
7.73511914975868
7.62411938377698
7.51311961779528
7.40211985181358
7.29112008583188
7.18012031985018
7.06912055386849
6.95812078788679
6.84712102190509
6.73612125592339
6.62512148994169
6.51412172395999
6.4031219579783
6.2921221919966
6.1811224260149
6.0701226600332
5.9591228940515
5.8481231280698
5.7371233620881
5.62612359610641
5.51512383012471
5.40412406414301
5.29312429816131
5.18212453217961
5.07112476619792
4.96012500021622
4.84912523423452
4.73812546825282
4.62712570227112
4.51612593628942
4.40512617030772
4.29412640432603
4.18312663834433
4.07212687236263
