Bigeye Mahi BlueShark Skipjack Yellowfin Albacore StripedMarlin Wahoo BigeyeThresherShark Swordfish BlueMarlin ShortfinMakoShark Lancetfish Opah
2005 13.74 22.59 9.609 17.05 18.23 12.56 19.59 23.36 12.56 8.54 19.59 19.59 8.54 14.05
2006 13.8052916666667 22.4922083333333 9.6403625 17.1220416666667 18.2854166666667 12.6111666666667 19.603 23.2702083333333 12.6111666666667 8.56609166666667 19.603 19.603 8.56609166666667 14.1453333333333
2007 13.6677916666667 22.466375 9.5636125 16.9712083333333 18.1445833333333 12.4936666666667 19.4963333333333 23.3002083333333 12.4936666666667 8.502425 19.4963333333333 19.4963333333333 8.502425 13.9753333333333
2008 13.8052916666667 22.7997083333333 9.63727916666667 17.180375 18.3770833333333 12.6086666666667 19.7521666666667 23.566875 12.6086666666667 8.56359166666667 19.7521666666667 19.7521666666667 8.56359166666667 14.1303333333333
2009 13.743625 22.4155416666667 9.6018625 17.055375 18.1979166666667 12.5561666666667 19.4955 23.2410416666667 12.5561666666667 8.534425 19.4955 19.4955 8.534425 14.0861666666667
2010 13.736125 22.5905416666667 9.6066125 17.0220416666667 18.15875 12.5553333333333 19.4688333333333 23.421875 12.5553333333333 8.53884166666667 19.4688333333333 19.4688333333333 8.53884166666667 14.0378333333333
2011 13.5794583333333 22.3622083333333 9.51327916666667 16.8237083333333 17.96875 12.4161666666667 19.2971666666667 23.401875 12.4161666666667 8.46100833333333 19.2971666666667 19.2971666666667 8.46100833333333 13.8528333333333
2012 13.616125 22.5022083333333 9.54394583333333 16.8895416666667 18.0445833333333 12.452 19.388 23.2977083333333 12.452 8.48850833333333 19.388 19.388 8.48850833333333 13.9003333333333
2013 13.7119583333333 22.9647083333333 9.59277916666667 17.0337083333333 18.2179166666667 12.5336666666667 19.6221666666667 23.729375 12.5336666666667 8.528425 19.6221666666667 19.6221666666667 8.528425 13.9678333333333
2014 13.6694583333333 23.013875 9.5583625 16.9945416666667 18.20875 12.4895 19.6496666666667 23.8177083333333 12.4895 8.49909166666666 19.6496666666667 19.6496666666667 8.49909166666666 13.9045
2015 13.7869583333333 23.223875 9.62069583333333 17.1712083333333 18.3954166666667 12.5878333333333 19.8346666666667 24.044375 12.5878333333333 8.55134166666667 19.8346666666667 19.8346666666667 8.55134166666667 14.0386666666667
2016 13.901125 22.9622083333333 9.69377916666667 17.280375 18.4754166666667 12.6936666666667 19.838 23.6660416666667 12.6936666666667 8.613175 19.838 19.838 8.613175 14.227
2017 13.771125 22.7805416666667 9.6031125 17.127875 18.32125 12.5745 19.6846666666667 23.596875 12.5745 8.535675 19.6846666666667 19.6846666666667 8.535675 14.0745
2018 13.901125 23.0622083333333 9.67827916666667 17.340375 18.57375 12.6853333333333 19.9896666666667 23.7660416666667 12.6853333333333 8.597675 19.9896666666667 19.9896666666667 8.597675 14.2278333333333
2019 14.0369583333333 22.9872083333333 9.74602916666667 17.532875 18.7545833333333 12.7986666666667 20.1313333333333 23.6885416666667 12.7986666666667 8.653675 20.1313333333333 20.1313333333333 8.653675 14.437
2020 14.0252916666667 22.8372083333333 9.74927916666667 17.4645416666667 18.6529166666667 12.7936666666667 19.988 23.6010416666667 12.7936666666667 8.65634166666667 19.988 19.988 8.65634166666667 14.4161666666667
2021 13.9002916666667 22.6955416666667 9.68794583333333 17.2670416666667 18.44625 12.6903333333333 19.7905 23.4910416666667 12.6903333333333 8.60675833333333 19.7905 19.7905 8.60675833333333 14.2553333333333
2022 14.0794583333333 22.878875 9.80869583333333 17.455375 18.62375 12.8553333333333 19.9613333333333 23.5335416666667 12.8553333333333 8.70975833333333 19.9613333333333 19.9613333333333 8.70975833333333 14.4595
2023 14.0694583333333 22.911375 9.8026125 17.4012083333333 18.5695833333333 12.8495 19.9338333333333 23.5535416666667 12.8495 8.70359166666667 19.9338333333333 19.9338333333333 8.70359166666667 14.4245
2024 13.9152916666667 22.9572083333333 9.7083625 17.205375 18.40125 12.7178333333333 19.8313333333333 23.7327083333333 12.7178333333333 8.624175 19.8313333333333 19.8313333333333 8.624175 14.1953333333333
2025 13.981125 22.858875 9.75852916666667 17.302875 18.5120833333333 12.7795 19.9213333333333 23.606875 12.7795 8.666925 19.9213333333333 19.9213333333333 8.666925 14.302
2026 13.7627916666667 22.7272083333333 9.63527916666667 17.010375 18.2170833333333 12.5936666666667 19.6371666666667 23.5202083333333 12.5936666666667 8.56300833333333 19.6371666666667 19.6371666666667 8.56300833333333 14.0145
2027 13.8377916666667 23.3330416666667 9.6703625 17.1912083333333 18.4454166666667 12.6495 19.9305 24.2377083333333 12.6495 8.59259166666667 19.9305 19.9305 8.59259166666667 14.0461666666667
2028 13.9902916666667 23.2872083333333 9.76869583333333 17.3570416666667 18.57375 12.7861666666667 19.978 24.1435416666667 12.7861666666667 8.676675 19.978 19.978 8.676675 14.2578333333333
2029 13.9169583333333 22.8655416666667 9.72269583333333 17.2262083333333 18.40375 12.7245 19.758 23.7860416666667 12.7245 8.637675 19.758 19.758 8.637675 14.2036666666667
2030 13.9377916666667 22.9355416666667 9.7363625 17.2645416666667 18.4620833333333 12.7428333333333 19.8555 23.744375 12.7428333333333 8.64834166666667 19.8555 19.8555 8.64834166666667 14.232
2031 13.9944583333333 23.441375 9.75627916666667 17.397875 18.65625 12.7845 20.148 24.1810416666667 12.7845 8.66384166666667 20.148 20.148 8.66384166666667 14.2561666666667
2032 14.178625 23.271375 9.86619583333333 17.6287083333333 18.8804166666667 12.947 20.3188333333333 24.0102083333333 12.947 8.75600833333333 20.3188333333333 20.3188333333333 8.75600833333333 14.527
2033 13.9602916666667 23.0630416666667 9.74777916666667 17.3195416666667 18.5345833333333 12.7628333333333 19.9446666666667 23.976875 12.7628333333333 8.65734166666667 19.9446666666667 19.9446666666667 8.65734166666667 14.237
2034 13.9869583333333 23.0647083333333 9.77869583333333 17.3412083333333 18.5445833333333 12.7911666666667 19.9346666666667 23.8235416666667 12.7911666666667 8.685175 19.9346666666667 19.9346666666667 8.685175 14.2828333333333
2035 13.908625 22.8605416666667 9.74269583333333 17.2120416666667 18.39125 12.7245 19.7496666666667 23.9785416666667 12.7245 8.656675 19.7496666666667 19.7496666666667 8.656675 14.1711666666667
2036 14.113625 23.6022083333333 9.84027916666667 17.5295416666667 18.75875 12.8928333333333 20.1946666666667 24.371875 12.8928333333333 8.73684166666667 20.1946666666667 20.1946666666667 8.73684166666667 14.3861666666667
2037 14.136125 23.396375 9.84952916666667 17.512875 18.7079166666667 12.912 20.118 24.2085416666667 12.912 8.743675 20.118 20.118 8.743675 14.432
2038 14.203625 23.416375 9.89694583333333 17.5937083333333 18.8070833333333 12.977 20.2305 24.1960416666667 12.977 8.783675 20.2305 20.2305 8.783675 14.512
2039 14.086125 23.5405416666667 9.8176125 17.482875 18.72625 12.867 20.2096666666667 24.5060416666667 12.867 8.71659166666667 20.2096666666667 20.2096666666667 8.71659166666667 14.3361666666667
2040 14.228625 23.698875 9.9023625 17.6795416666667 18.93625 12.9903333333333 20.418 24.414375 12.9903333333333 8.78834166666667 20.418 20.418 8.78834166666667 14.527
2041 14.2394583333333 23.393875 9.9136125 17.657875 18.8879166666667 13.0036666666667 20.3305 24.1410416666667 13.0036666666667 8.79784166666667 20.3305 20.3305 8.79784166666667 14.5711666666667
2042 14.1594583333333 23.3530416666667 9.88527916666667 17.5562083333333 18.7879166666667 12.9428333333333 20.228 24.171875 12.9428333333333 8.775425 20.228 20.228 8.775425 14.457
2043 14.181125 23.5622083333333 9.89944583333333 17.5887083333333 18.8245833333333 12.9645 20.2663333333333 24.3452083333333 12.9645 8.78734166666667 20.2663333333333 20.2663333333333 8.78734166666667 14.4628333333333
2044 14.3202916666667 23.6097083333333 9.97977916666667 17.747875 18.97625 13.0811666666667 20.3988333333333 24.3752083333333 13.0811666666667 8.854675 20.3988333333333 20.3988333333333 8.854675 14.6303333333333
2045 14.2127916666667 23.6622083333333 9.90069583333333 17.610375 18.82625 12.9836666666667 20.2596666666667 24.5835416666667 12.9836666666667 8.786425 20.2596666666667 20.2596666666667 8.786425 14.4745
2046 14.2552916666667 23.513875 9.93802916666667 17.6512083333333 18.8570833333333 13.0261666666667 20.2596666666667 24.209375 13.0261666666667 8.81884166666667 20.2596666666667 20.2596666666667 8.81884166666667 14.5645
2047 14.223625 23.4730416666667 9.9243625 17.6087083333333 18.8304166666667 13.0045 20.2638333333333 24.359375 13.0045 8.80784166666666 20.2638333333333 20.2638333333333 8.80784166666666 14.5086666666667
2048 14.2577916666667 23.758875 9.93152916666667 17.7045416666667 18.9670833333333 13.0245 20.4546666666667 24.644375 13.0245 8.812675 20.4546666666667 20.4546666666667 8.812675 14.5286666666667
2049 14.3702916666667 24.0672083333333 9.9796125 17.8962083333333 19.18375 13.1111666666667 20.6871666666667 24.889375 13.1111666666667 8.851925 20.6871666666667 20.6871666666667 8.851925 14.6595
2050 14.4369583333333 24.0155416666667 10.0222791666667 17.9712083333333 19.2429166666667 13.1736666666667 20.7171666666667 24.7760416666667 13.1736666666667 8.88909166666667 20.7171666666667 20.7171666666667 8.88909166666667 14.7578333333333
2051 14.4052916666667 23.7272083333333 10.0052791666667 17.922875 19.1745833333333 13.147 20.6113333333333 24.4652083333333 13.147 8.87459166666667 20.6113333333333 20.6113333333333 8.87459166666667 14.7553333333333
2052 14.3569583333333 23.8072083333333 9.97894583333333 17.8712083333333 19.13875 13.107 20.5988333333333 24.6335416666667 13.107 8.85284166666667 20.5988333333333 20.5988333333333 8.85284166666667 14.6745
2053 14.478625 23.793875 10.0581958333333 18.0137083333333 19.2745833333333 13.2153333333333 20.7105 24.5502083333333 13.2153333333333 8.91984166666666 20.7105 20.7105 8.91984166666666 14.8403333333333
2054 14.443625 23.581375 10.0403625 17.922875 19.14375 13.1836666666667 20.5421666666667 24.3060416666667 13.1836666666667 8.90575833333333 20.5421666666667 20.5421666666667 8.90575833333333 14.8128333333333
2055 14.4077916666667 23.7347083333333 10.0255291666667 17.8445416666667 19.0529166666667 13.1595 20.4563333333333 24.664375 13.1595 8.89300833333333 20.4563333333333 20.4563333333333 8.89300833333333 14.722
2056 14.5027916666667 24.041375 10.0808625 17.9962083333333 19.2404166666667 13.2403333333333 20.7013333333333 24.7552083333333 13.2403333333333 8.94159166666667 20.7013333333333 20.7013333333333 8.94159166666667 14.8228333333333
2057 14.533625 23.7030416666667 10.1011125 17.9970416666667 19.2304166666667 13.2661666666667 20.6763333333333 24.5310416666667 13.2661666666667 8.95834166666667 20.6763333333333 20.6763333333333 8.95834166666667 14.9003333333333
2058 14.3352916666667 23.5947083333333 9.99044583333333 17.7270416666667 18.95375 13.1003333333333 20.4105 24.3160416666667 13.1003333333333 8.865175 20.4105 20.4105 8.865175 14.6395
2059 14.213625 23.271375 9.94727916666667 17.5262083333333 18.7329166666667 13.0095 20.1355 24.2752083333333 13.0095 8.831925 20.1355 20.1355 8.831925 14.4828333333333
2060 14.2777916666667 23.811375 9.98727916666667 17.620375 18.8195833333333 13.0653333333333 20.2246666666667 24.9202083333333 13.0653333333333 8.86659166666667 20.2246666666667 20.2246666666667 8.86659166666667 14.4845
2061 14.471125 24.0447083333333 10.0981958333333 17.8845416666667 19.09875 13.2328333333333 20.5246666666667 24.8410416666667 13.2328333333333 8.95934166666667 20.5246666666667 20.5246666666667 8.95934166666667 14.737
2062 14.278625 23.6222083333333 9.97344583333333 17.6337083333333 18.8454166666667 13.0595 20.2871666666667 24.5177083333333 13.0595 8.85325833333333 20.2871666666667 20.2871666666667 8.85325833333333 14.5336666666667
2063 14.3919583333333 24.2030416666667 10.0237791666667 17.8645416666667 19.1445833333333 13.1461666666667 20.6821666666667 25.091875 13.1461666666667 8.89434166666667 20.6821666666667 20.6821666666667 8.89434166666667 14.6328333333333
2064 14.478625 24.0605416666667 10.0763625 17.962875 19.22375 13.222 20.7046666666667 24.7635416666667 13.222 8.93975833333333 20.7046666666667 20.7046666666667 8.93975833333333 14.7836666666667
2065 14.4477916666667 23.8572083333333 10.0686125 17.895375 19.12625 13.2011666666667 20.5555 24.7502083333333 13.2011666666667 8.933925 20.5555 20.5555 8.933925 14.7461666666667
2066 14.4552916666667 24.098875 10.0642791666667 17.9362083333333 19.1895833333333 13.202 20.6455 24.9252083333333 13.202 8.92975833333333 20.6455 20.6455 8.92975833333333 14.7378333333333
2067 14.4494583333333 24.0830416666667 10.0645291666667 17.922875 19.1695833333333 13.197 20.6263333333333 25.034375 13.197 8.93125833333333 20.6263333333333 20.6263333333333 8.93125833333333 14.7236666666667
2068 14.4344583333333 24.223875 10.0681958333333 17.8895416666667 19.1420833333333 13.1895 20.6196666666667 25.141875 13.1895 8.93684166666667 20.6196666666667 20.6196666666667 8.93684166666667 14.6678333333333
2069 14.6077916666667 24.346375 10.1669458333333 18.125375 19.3770833333333 13.3378333333333 20.833 25.189375 13.3378333333333 9.020425 20.833 20.833 9.020425 14.902
2070 14.6702916666667 24.168875 10.2060291666667 18.1745416666667 19.40875 13.3953333333333 20.8505 25.0902083333333 13.3953333333333 9.05184166666667 20.8505 20.8505 9.05184166666667 14.9936666666667
2071 14.6202916666667 24.0797083333333 10.1901958333333 18.0787083333333 19.3095833333333 13.3586666666667 20.7488333333333 25.0160416666667 13.3586666666667 9.04009166666667 20.7488333333333 20.7488333333333 9.04009166666667 14.9195
2072 14.8144583333333 24.6797083333333 10.2915291666667 18.3512083333333 19.60625 13.522 21.0705 25.5410416666667 13.522 9.124175 21.0705 21.0705 9.124175 15.1036666666667
2073 14.8227916666667 24.5647083333333 10.2866125 18.3545416666667 19.6129166666667 13.5253333333333 21.0955 25.369375 13.5253333333333 9.11900833333333 21.0955 21.0955 9.11900833333333 15.132
2074 14.7202916666667 24.123875 10.2411958333333 18.1695416666667 19.39875 13.4453333333333 20.8346666666667 24.9935416666667 13.4453333333333 9.08309166666667 20.8346666666667 20.8346666666667 9.08309166666667 15.037
2075 14.708625 24.3755416666667 10.2416125 18.170375 19.4254166666667 13.4386666666667 20.908 25.289375 13.4386666666667 9.083675 20.908 20.908 9.083675 14.9811666666667
2076 14.786125 24.5130416666667 10.2747791666667 18.3062083333333 19.58625 13.4995 21.1088333333333 25.314375 13.4995 9.11075833333333 21.1088333333333 21.1088333333333 9.11075833333333 15.0895
2077 14.8619583333333 24.6372083333333 10.3121125 18.4270416666667 19.7220833333333 13.562 21.2621666666667 25.5577083333333 13.562 9.141675 21.2621666666667 21.2621666666667 9.141675 15.1728333333333
2078 14.808625 24.5680416666667 10.2937791666667 18.3370416666667 19.6270833333333 13.5211666666667 21.163 25.3777083333333 13.5211666666667 9.12800833333333 21.163 21.163 9.12800833333333 15.1036666666667
2079 14.8344583333333 24.7455416666667 10.3094458333333 18.4020416666667 19.7054166666667 13.5428333333333 21.2413333333333 25.631875 13.5428333333333 9.14175833333333 21.2413333333333 21.2413333333333 9.14175833333333 15.1178333333333
2080 14.8969583333333 24.8372083333333 10.3492791666667 18.482875 19.7745833333333 13.5978333333333 21.283 25.7810416666667 13.5978333333333 9.176175 21.283 21.283 9.176175 15.1861666666667
2081 14.836125 24.4247083333333 10.3239458333333 18.3712083333333 19.6279166666667 13.5528333333333 21.0913333333333 25.2710416666667 13.5528333333333 9.15459166666667 21.0913333333333 21.0913333333333 9.15459166666667 15.1645
2082 14.806125 24.4855416666667 10.3136125 18.3120416666667 19.5654166666667 13.5278333333333 21.0321666666667 25.3610416666667 13.5278333333333 9.146675 21.0321666666667 21.0321666666667 9.146675 15.102
2083 14.883625 24.866375 10.3606958333333 18.435375 19.7220833333333 13.5945 21.2388333333333 25.7752083333333 13.5945 9.187425 21.2388333333333 21.2388333333333 9.187425 15.1478333333333
2084 14.8377916666667 24.6047083333333 10.3385291666667 18.335375 19.58375 13.5561666666667 21.0521666666667 25.549375 13.5561666666667 9.17075833333333 21.0521666666667 21.0521666666667 9.17075833333333 15.1128333333333
2085 14.858625 24.7530416666667 10.3647791666667 18.3320416666667 19.5904166666667 13.5811666666667 21.0896666666667 25.6160416666667 13.5811666666667 9.193425 21.0896666666667 21.0896666666667 9.193425 15.1045
2086 14.8894583333333 24.8947083333333 10.3723625 18.3895416666667 19.66375 13.6036666666667 21.1921666666667 25.861875 13.6036666666667 9.200425 21.1921666666667 21.1921666666667 9.200425 15.1253333333333
2087 15.026125 25.2030416666667 10.4524458333333 18.5937083333333 19.9045833333333 13.7211666666667 21.4796666666667 26.0802083333333 13.7211666666667 9.267175 21.4796666666667 21.4796666666667 9.267175 15.2778333333333
2088 14.9294583333333 25.1480416666667 10.3843625 18.4595416666667 19.7570833333333 13.6328333333333 21.3313333333333 26.061875 13.6328333333333 9.20834166666667 21.3313333333333 21.3313333333333 9.20834166666667 15.1536666666667
2089 14.963625 25.033875 10.4080291666667 18.5295416666667 19.8404166666667 13.6653333333333 21.4105 25.919375 13.6653333333333 9.229675 21.4105 21.4105 9.229675 15.2286666666667
2090 15.0394583333333 25.0222083333333 10.4635291666667 18.6420416666667 19.9529166666667 13.7361666666667 21.4971666666667 25.8252083333333 13.7361666666667 9.277175 21.4971666666667 21.4971666666667 9.277175 15.3403333333333
2091 15.0027916666667 24.7322083333333 10.4525291666667 18.5712083333333 19.8529166666667 13.7095 21.3455 25.614375 13.7095 9.269175 21.3455 21.3455 9.269175 15.3203333333333
2092 14.9844583333333 24.966375 10.4421125 18.5570416666667 19.8479166666667 13.6911666666667 21.3596666666667 25.989375 13.6911666666667 9.26050833333333 21.3596666666667 21.3596666666667 9.26050833333333 15.2545
2093 15.0577916666667 25.2155416666667 10.4872791666667 18.6612083333333 19.9679166666667 13.7545 21.5088333333333 26.1660416666667 13.7545 9.29975833333333 21.5088333333333 21.5088333333333 9.29975833333333 15.322
2094 15.0627916666667 25.4347083333333 10.4831958333333 18.6737083333333 19.9920833333333 13.752 21.5796666666667 26.4835416666667 13.752 9.29675833333333 21.5796666666667 21.5796666666667 9.29675833333333 15.2903333333333
2095 15.2294583333333 25.6305416666667 10.5826958333333 18.8845416666667 20.21625 13.8986666666667 21.818 26.4227083333333 13.8986666666667 9.38000833333333 21.818 21.818 9.38000833333333 15.502
2096 15.223625 25.2772083333333 10.5942791666667 18.825375 20.12875 13.902 21.6788333333333 26.1310416666667 13.902 9.39150833333333 21.6788333333333 21.6788333333333 9.39150833333333 15.5228333333333
2097 15.1427916666667 25.0680416666667 10.5506125 18.680375 19.96375 13.837 21.4863333333333 26.0927083333333 13.837 9.354175 21.4863333333333 21.4863333333333 9.354175 15.4211666666667
2098 15.108625 25.1522083333333 10.5342791666667 18.6470416666667 19.9420833333333 13.812 21.4938333333333 26.071875 13.812 9.339925 21.4938333333333 21.4938333333333 9.339925 15.3661666666667
2099 15.0619583333333 25.1247083333333 10.5246958333333 18.565375 19.84625 13.7795 21.3913333333333 26.044375 13.7795 9.333925 21.3913333333333 21.3913333333333 9.333925 15.2953333333333
2100 15.1027916666667 24.8905416666667 10.5596958333333 18.6095416666667 19.8795833333333 13.817 21.3855 25.7460416666667 13.817 9.366175 21.3855 21.3855 9.366175 15.3878333333333
