Bigeye Mahi BlueShark Skipjack Yellowfin Albacore StripedMarlin Wahoo BigeyeThresherShark Swordfish BlueMarlin ShortfinMakoShark Lancetfish Opah
2005 13.74 22.59 9.609 17.05 18.23 12.56 19.59 23.36 12.56 8.54 19.59 19.59 8.54 14.05
2006 13.834875 22.8257083333333 9.64041666666667 17.2512083333333 18.4698333333333 12.625125 19.878125 23.6162083333333 12.625125 8.56920833333333 19.878125 19.878125 8.56920833333333 14.1736666666667
2007 13.757375 22.7715416666667 9.60291666666667 17.1570416666667 18.3923333333333 12.562625 19.825625 23.7020416666667 12.562625 8.53920833333333 19.825625 19.825625 8.53920833333333 14.0603333333333
2008 13.7807083333333 23.069875 9.62041666666667 17.215375 18.4781666666667 12.5842916666667 19.9414583333333 23.9437083333333 12.5842916666667 8.55504166666667 19.9414583333333 19.9414583333333 8.55504166666667 14.0578333333333
2009 13.9640416666667 23.282375 9.73458333333333 17.4737083333333 18.7573333333333 12.745125 20.2264583333333 23.9212083333333 12.745125 8.65254166666666 20.2264583333333 20.2264583333333 8.65254166666666 14.3036666666667
2010 13.917375 22.894875 9.70958333333333 17.352875 18.5973333333333 12.7134583333333 20.025625 23.5912083333333 12.7134583333333 8.62920833333333 20.025625 20.025625 8.62920833333333 14.2628333333333
2011 13.8382083333333 22.9590416666667 9.67458333333333 17.2262083333333 18.459 12.650125 19.8797916666667 23.955375 12.650125 8.60254166666667 19.8797916666667 19.8797916666667 8.60254166666667 14.112
2012 13.8765416666667 23.1882083333333 9.70875 17.262875 18.4915 12.6909583333333 19.915625 24.0037083333333 12.6909583333333 8.63004166666667 19.915625 19.915625 8.63004166666667 14.1395
2013 13.817375 23.434875 9.67541666666667 17.1887083333333 18.4348333333333 12.6367916666667 19.920625 24.497875 12.6367916666667 8.600875 19.920625 19.920625 8.600875 14.002
2014 13.9415416666667 23.529875 9.76541666666667 17.347875 18.6156666666667 12.7509583333333 20.1247916666667 24.3362083333333 12.7509583333333 8.680875 20.1247916666667 20.1247916666667 8.680875 14.1745
2015 14.089875 23.6557083333333 9.85541666666667 17.5337083333333 18.8148333333333 12.8859583333333 20.3264583333333 24.4637083333333 12.8859583333333 8.75420833333333 20.3264583333333 20.3264583333333 8.75420833333333 14.3403333333333
2016 14.144875 23.2932083333333 9.88291666666667 17.575375 18.8256666666667 12.937625 20.2747916666667 24.0512083333333 12.937625 8.773375 20.2747916666667 20.2747916666667 8.773375 14.462
2017 14.142375 23.247375 9.88125 17.5595416666667 18.7948333333333 12.9392916666667 20.208125 24.0387083333333 12.9392916666667 8.768375 20.208125 20.208125 8.768375 14.4528333333333
2018 14.1090416666667 23.2382083333333 9.84958333333333 17.5412083333333 18.7831666666667 12.900125 20.218125 24.0062083333333 12.900125 8.74420833333333 20.218125 20.218125 8.74420833333333 14.4253333333333
2019 14.0765416666667 23.3965416666667 9.81458333333333 17.5637083333333 18.8415 12.860125 20.3247916666667 24.2395416666667 12.860125 8.71504166666667 20.3247916666667 20.3247916666667 8.71504166666667 14.3795
2020 13.9615416666667 23.447375 9.75625 17.3945416666667 18.654 12.760125 20.1397916666667 24.250375 12.760125 8.665875 20.1397916666667 20.1397916666667 8.665875 14.2203333333333
2021 14.087375 23.5432083333333 9.84625 17.5320416666667 18.7923333333333 12.8792916666667 20.273125 24.272875 12.8792916666667 8.745875 20.273125 20.273125 8.745875 14.3703333333333
2022 14.009875 23.289875 9.79041666666667 17.3995416666667 18.6365 12.8109583333333 20.0889583333333 24.1837083333333 12.8109583333333 8.695875 20.0889583333333 20.0889583333333 8.695875 14.2761666666667
2023 13.9665416666667 23.2865416666667 9.74958333333333 17.3695416666667 18.6123333333333 12.765125 20.073125 24.092875 12.765125 8.66170833333333 20.073125 20.073125 8.66170833333333 14.2403333333333
2024 13.947375 23.2015416666667 9.73041666666667 17.3645416666667 18.6048333333333 12.7417916666667 20.0622916666667 24.1537083333333 12.7417916666667 8.64504166666667 20.0622916666667 20.0622916666667 8.64504166666667 14.2236666666667
2025 13.9615416666667 23.442375 9.74458333333333 17.3995416666667 18.6531666666667 12.7509583333333 20.130625 24.3645416666667 12.7509583333333 8.65920833333333 20.130625 20.130625 8.65920833333333 14.2186666666667
2026 13.934875 23.6590416666667 9.73041666666667 17.3787083333333 18.6356666666667 12.722625 20.1239583333333 24.715375 12.722625 8.650875 20.1239583333333 20.1239583333333 8.650875 14.1536666666667
2027 14.1057083333333 23.6015416666667 9.83541666666667 17.6262083333333 18.8915 12.872625 20.358125 24.4245416666667 12.872625 8.738375 20.358125 20.358125 8.738375 14.4195
2028 14.014875 23.1507083333333 9.79375 17.430375 18.6406666666667 12.8034583333333 20.0247916666667 23.8745416666667 12.8034583333333 8.705875 20.0247916666667 20.0247916666667 8.705875 14.3386666666667
2029 13.9357083333333 23.0782083333333 9.75291666666667 17.305375 18.4998333333333 12.7392916666667 19.8789583333333 23.967875 12.7392916666667 8.67170833333333 19.8789583333333 19.8789583333333 8.67170833333333 14.2236666666667
2030 13.8490416666667 22.9557083333333 9.70125 17.1837083333333 18.3656666666667 12.6617916666667 19.7389583333333 23.9062083333333 12.6617916666667 8.63004166666667 19.7389583333333 19.7389583333333 8.63004166666667 14.1186666666667
2031 13.969875 23.2190416666667 9.75208333333333 17.4037083333333 18.6348333333333 12.752625 20.070625 23.9787083333333 12.752625 8.668375 20.070625 20.070625 8.668375 14.2836666666667
2032 13.857375 23.1682083333333 9.67541666666667 17.2762083333333 18.5115 12.6492916666667 19.963125 24.132875 12.6492916666667 8.603375 19.963125 19.963125 8.603375 14.132
2033 13.962375 23.592375 9.75708333333333 17.4187083333333 18.6615 12.747625 20.110625 24.477875 12.747625 8.67920833333333 20.110625 20.110625 8.67920833333333 14.2253333333333
2034 14.1240416666667 23.687375 9.86125 17.5945416666667 18.8365 12.895125 20.2814583333333 24.480375 12.895125 8.76754166666666 20.2814583333333 20.2814583333333 8.76754166666666 14.412
2035 14.0857083333333 23.3290416666667 9.83875 17.4795416666667 18.6915 12.872625 20.0997916666667 24.190375 12.872625 8.745875 20.0997916666667 20.0997916666667 8.745875 14.3761666666667
2036 13.9990416666667 22.924875 9.79208333333333 17.3420416666667 18.539 12.8017916666667 19.9222916666667 23.902875 12.8017916666667 8.705875 19.9222916666667 19.9222916666667 8.705875 14.2945
2037 14.0315416666667 23.3815416666667 9.78958333333333 17.4570416666667 18.6723333333333 12.812625 20.090625 24.2145416666667 12.812625 8.703375 20.090625 20.090625 8.703375 14.3278333333333
2038 14.0732083333333 23.7265416666667 9.80291666666667 17.5520416666667 18.7981666666667 12.842625 20.2589583333333 24.6370416666667 12.842625 8.71420833333333 20.2589583333333 20.2589583333333 8.71420833333333 14.337
2039 14.1590416666667 23.6457083333333 9.88291666666667 17.645375 18.8998333333333 12.9309583333333 20.3614583333333 24.392875 12.9309583333333 8.785875 20.3614583333333 20.3614583333333 8.785875 14.4628333333333
2040 14.089875 23.5640416666667 9.84125 17.5445416666667 18.7898333333333 12.8709583333333 20.2364583333333 24.3737083333333 12.8709583333333 8.748375 20.2364583333333 20.2364583333333 8.748375 14.3728333333333
2041 14.0540416666667 23.6207083333333 9.81875 17.507875 18.7673333333333 12.8392916666667 20.2489583333333 24.5070416666667 12.8392916666667 8.73254166666666 20.2489583333333 20.2489583333333 8.73254166666666 14.317
2042 14.0182083333333 23.9557083333333 9.79458333333333 17.4820416666667 18.759 12.805125 20.2922916666667 25.022875 12.805125 8.710875 20.2922916666667 20.2922916666667 8.710875 14.2086666666667
2043 14.1715416666667 23.6990416666667 9.91458333333333 17.6537083333333 18.914 12.9484583333333 20.378125 24.527875 12.9484583333333 8.81754166666667 20.378125 20.378125 8.81754166666667 14.4645
2044 14.0390416666667 23.1657083333333 9.82625 17.415375 18.6273333333333 12.837625 20.0322916666667 24.0870416666667 12.837625 8.73754166666667 20.0322916666667 20.0322916666667 8.73754166666667 14.332
2045 14.069875 23.3790416666667 9.83625 17.4745416666667 18.6973333333333 12.860125 20.1222916666667 24.2870416666667 12.860125 8.743375 20.1222916666667 20.1222916666667 8.743375 14.3486666666667
2046 14.167375 23.7057083333333 9.88541666666667 17.6170416666667 18.8606666666667 12.940125 20.3289583333333 24.4887083333333 12.940125 8.78420833333333 20.3289583333333 20.3289583333333 8.78420833333333 14.4495
2047 14.2207083333333 23.822375 9.90791666666667 17.6820416666667 18.9365 12.982625 20.433125 24.715375 12.982625 8.80504166666667 20.433125 20.433125 8.80504166666667 14.4995
2048 14.2865416666667 23.899875 9.94458333333333 17.7895416666667 19.0681666666667 13.0384583333333 20.5939583333333 24.827875 13.0384583333333 8.83170833333333 20.5939583333333 20.5939583333333 8.83170833333333 14.5711666666667
2049 14.2182083333333 23.6382083333333 9.90291666666667 17.6887083333333 18.9481666666667 12.9792916666667 20.4372916666667 24.552875 12.9792916666667 8.80004166666667 20.4372916666667 20.4372916666667 8.80004166666667 14.5186666666667
2050 14.2715416666667 24.1357083333333 9.93208333333333 17.7895416666667 19.0723333333333 13.0192916666667 20.6039583333333 25.1245416666667 13.0192916666667 8.825875 20.6039583333333 20.6039583333333 8.825875 14.5186666666667
2051 14.272375 24.2440416666667 9.93125 17.805375 19.1006666666667 13.0167916666667 20.6589583333333 25.220375 13.0167916666667 8.82670833333333 20.6589583333333 20.6589583333333 8.82670833333333 14.5186666666667
2052 14.3582083333333 24.3682083333333 9.97958333333333 17.9487083333333 19.2598333333333 13.090125 20.8297916666667 25.170375 13.090125 8.86754166666666 20.8297916666667 20.8297916666667 8.86754166666666 14.6453333333333
2053 14.4440416666667 24.2257083333333 10.0470833333333 18.0495416666667 19.3581666666667 13.172625 20.893125 25.0812083333333 13.172625 8.92754166666666 20.893125 20.893125 8.92754166666666 14.7653333333333
2054 14.5607083333333 24.3557083333333 10.1270833333333 18.1987083333333 19.5031666666667 13.2784583333333 21.0039583333333 25.250375 13.2784583333333 8.99504166666667 21.0039583333333 21.0039583333333 8.99504166666667 14.8911666666667
2055 14.454875 24.264875 10.05875 18.0062083333333 19.269 13.190125 20.7397916666667 25.2037083333333 13.190125 8.93420833333333 20.7397916666667 20.7397916666667 8.93420833333333 14.7436666666667
2056 14.437375 23.939875 10.0595833333333 17.9312083333333 19.1731666666667 13.1834583333333 20.6297916666667 24.8662083333333 13.1834583333333 8.93670833333333 20.6297916666667 20.6297916666667 8.93670833333333 14.7478333333333
2057 14.4165416666667 23.9040416666667 10.0454166666667 17.900375 19.1473333333333 13.165125 20.6047916666667 24.832875 13.165125 8.92254166666667 20.6047916666667 20.6047916666667 8.92254166666667 14.7195
2058 14.4682083333333 24.2682083333333 10.08125 17.9762083333333 19.2398333333333 13.212625 20.7297916666667 25.245375 13.212625 8.953375 20.7297916666667 20.7297916666667 8.953375 14.7245
2059 14.459875 24.4965416666667 10.0704166666667 17.9787083333333 19.2631666666667 13.2034583333333 20.8047916666667 25.485375 13.2034583333333 8.945875 20.8047916666667 20.8047916666667 8.945875 14.6853333333333
2060 14.5240416666667 24.2065416666667 10.1270833333333 18.035375 19.3148333333333 13.2692916666667 20.833125 24.9787083333333 13.2692916666667 8.993375 20.833125 20.833125 8.993375 14.8161666666667
2061 14.4840416666667 24.1790416666667 10.09625 18.000375 19.2856666666667 13.232625 20.8047916666667 25.0145416666667 13.232625 8.96670833333333 20.8047916666667 20.8047916666667 8.96670833333333 14.7686666666667
2062 14.5240416666667 24.359875 10.12625 18.0662083333333 19.3548333333333 13.2692916666667 20.870625 25.292875 13.2692916666667 8.99254166666667 20.870625 20.870625 8.99254166666667 14.7903333333333
2063 14.5890416666667 24.4707083333333 10.1629166666667 18.1620416666667 19.4506666666667 13.3234583333333 20.9614583333333 25.4220416666667 13.3234583333333 9.025875 20.9614583333333 20.9614583333333 9.025875 14.867
2064 14.577375 24.214875 10.1654166666667 18.1037083333333 19.3623333333333 13.3184583333333 20.8264583333333 25.005375 13.3184583333333 9.028375 20.8264583333333 20.8264583333333 9.028375 14.887
2065 14.4307083333333 24.0757083333333 10.0729166666667 17.890375 19.1298333333333 13.1859583333333 20.5989583333333 25.0112083333333 13.1859583333333 8.950875 20.5989583333333 20.5989583333333 8.950875 14.6978333333333
2066 14.4432083333333 24.237375 10.07875 17.9437083333333 19.214 13.192625 20.7239583333333 25.1470416666667 13.192625 8.95670833333333 20.7239583333333 20.7239583333333 8.95670833333333 14.7128333333333
2067 14.434875 24.057375 10.0854166666667 17.917875 19.1848333333333 13.1909583333333 20.695625 25.137875 13.1909583333333 8.963375 20.695625 20.695625 8.963375 14.692
2068 14.507375 24.692375 10.1270833333333 18.042875 19.3373333333333 13.2542916666667 20.8889583333333 25.767875 13.2542916666667 9.00170833333333 20.8889583333333 20.8889583333333 9.00170833333333 14.707
2069 14.484875 24.5690416666667 10.13875 17.9645416666667 19.239 13.245125 20.7639583333333 25.5537083333333 13.245125 9.01254166666667 20.7639583333333 20.7639583333333 9.01254166666667 14.682
2070 14.5932083333333 24.8007083333333 10.1754166666667 18.1412083333333 19.4406666666667 13.3292916666667 21.0114583333333 25.7537083333333 13.3292916666667 9.03754166666667 21.0114583333333 21.0114583333333 9.03754166666667 14.8111666666667
2071 14.5682083333333 24.3465416666667 10.1695833333333 18.100375 19.3815 13.3092916666667 20.9172916666667 25.2820416666667 13.3092916666667 9.035875 20.9172916666667 20.9172916666667 9.035875 14.8461666666667
2072 14.654875 24.7907083333333 10.2270833333333 18.242875 19.5431666666667 13.3817916666667 21.093125 25.8962083333333 13.3817916666667 9.088375 21.093125 21.093125 9.088375 14.8936666666667
2073 14.8332083333333 25.0007083333333 10.3545833333333 18.4612083333333 19.7723333333333 13.547625 21.3247916666667 25.9570416666667 13.547625 9.200875 21.3247916666667 21.3247916666667 9.200875 15.1045
2074 14.7932083333333 24.834875 10.3204166666667 18.395375 19.699 13.512625 21.2497916666667 25.8262083333333 13.512625 9.16670833333333 21.2497916666667 21.2497916666667 9.16670833333333 15.0636666666667
2075 14.6865416666667 24.812375 10.25875 18.2095416666667 19.4915 13.420125 21.048125 25.967875 13.420125 9.11254166666667 21.048125 21.048125 9.11254166666667 14.8953333333333
2076 14.837375 25.1557083333333 10.35875 18.4162083333333 19.7323333333333 13.557625 21.3372916666667 26.067875 13.557625 9.20170833333333 21.3372916666667 21.3372916666667 9.20170833333333 15.0678333333333
2077 14.922375 25.139875 10.4095833333333 18.5037083333333 19.8173333333333 13.635125 21.400625 26.0520416666667 13.635125 9.243375 21.400625 21.400625 9.243375 15.1711666666667
2078 14.9382083333333 25.0440416666667 10.4229166666667 18.4995416666667 19.7931666666667 13.6517916666667 21.3414583333333 25.9345416666667 13.6517916666667 9.25254166666667 21.3414583333333 21.3414583333333 9.25254166666667 15.2011666666667
2079 14.899875 24.684875 10.4045833333333 18.4095416666667 19.6756666666667 13.625125 21.178125 25.6787083333333 13.625125 9.23670833333333 21.178125 21.178125 9.23670833333333 15.1753333333333
2080 14.697375 24.3057083333333 10.2829166666667 18.1362083333333 19.3756666666667 13.445125 20.860625 25.390375 13.445125 9.138375 20.860625 20.860625 9.138375 14.947
2081 14.7665416666667 24.8265416666667 10.3395833333333 18.2895416666667 19.5648333333333 13.5034583333333 21.0922916666667 25.7820416666667 13.5034583333333 9.190875 21.0922916666667 21.0922916666667 9.190875 15.0045
2082 14.7932083333333 25.019875 10.34875 18.362875 19.6606666666667 13.5217916666667 21.2147916666667 26.0495416666667 13.5217916666667 9.19670833333333 21.2147916666667 21.2147916666667 9.19670833333333 15.0128333333333
2083 14.7657083333333 25.124875 10.33625 18.2870416666667 19.5715 13.5017916666667 21.140625 26.2237083333333 13.5017916666667 9.18920833333333 21.140625 21.140625 9.18920833333333 14.942
2084 14.939875 25.3490416666667 10.4495833333333 18.5370416666667 19.8665 13.6559583333333 21.495625 26.317875 13.6559583333333 9.288375 21.495625 21.495625 9.288375 15.162
2085 14.9065416666667 25.159875 10.41875 18.5045416666667 19.8231666666667 13.6242916666667 21.4197916666667 26.217875 13.6242916666667 9.255875 21.4197916666667 21.4197916666667 9.255875 15.1386666666667
2086 15.0140416666667 25.362375 10.4779166666667 18.652875 19.979 13.7134583333333 21.565625 26.387875 13.7134583333333 9.30754166666667 21.565625 21.565625 9.30754166666667 15.2578333333333
2087 15.1390416666667 25.669875 10.55375 18.812875 20.149 13.825125 21.753125 26.7087083333333 13.825125 9.37170833333333 21.753125 21.753125 9.37170833333333 15.3778333333333
2088 15.0732083333333 25.4557083333333 10.5329166666667 18.6820416666667 19.9931666666667 13.7759583333333 21.5772916666667 26.4420416666667 13.7759583333333 9.35754166666667 21.5772916666667 21.5772916666667 9.35754166666667 15.3111666666667
2089 15.164875 25.5665416666667 10.5845833333333 18.8070416666667 20.1273333333333 13.8559583333333 21.720625 26.5070416666667 13.8559583333333 9.39754166666667 21.720625 21.720625 9.39754166666667 15.422
2090 15.157375 25.5282083333333 10.5695833333333 18.7945416666667 20.1073333333333 13.845125 21.6964583333333 26.655375 13.845125 9.383375 21.6964583333333 21.6964583333333 9.383375 15.3953333333333
2091 15.2457083333333 25.719875 10.6179166666667 18.9420416666667 20.2773333333333 13.920125 21.885625 26.6837083333333 13.920125 9.425875 21.885625 21.885625 9.425875 15.5203333333333
2092 15.184875 25.584875 10.58625 18.8437083333333 20.1573333333333 13.8684583333333 21.7314583333333 26.717875 13.8684583333333 9.40004166666666 21.7314583333333 21.7314583333333 9.40004166666666 15.4328333333333
2093 15.234875 25.729875 10.62875 18.9045416666667 20.2298333333333 13.9159583333333 21.8322916666667 26.6387083333333 13.9159583333333 9.43920833333333 21.8322916666667 21.8322916666667 9.43920833333333 15.4986666666667
2094 15.3382083333333 25.5557083333333 10.6929166666667 19.037875 20.3723333333333 14.007625 21.9714583333333 26.3945416666667 14.007625 9.493375 21.9714583333333 21.9714583333333 9.493375 15.6636666666667
2095 15.107375 25.332375 10.5395833333333 18.6962083333333 19.9731666666667 13.8009583333333 21.5189583333333 26.495375 13.8009583333333 9.36254166666667 21.5189583333333 21.5189583333333 9.36254166666667 15.3528333333333
2096 15.1357083333333 25.6932083333333 10.5595833333333 18.7570416666667 20.0465 13.8217916666667 21.6264583333333 26.8870416666667 13.8217916666667 9.383375 21.6264583333333 21.6264583333333 9.383375 15.3511666666667
2097 15.224875 25.7615416666667 10.6254166666667 18.8495416666667 20.139 13.9042916666667 21.7147916666667 26.8412083333333 13.9042916666667 9.44004166666667 21.7147916666667 21.7147916666667 9.44004166666667 15.462
2098 15.2207083333333 25.4990416666667 10.6204166666667 18.832875 20.1065 13.900125 21.648125 26.5487083333333 13.900125 9.43504166666666 21.648125 21.648125 9.43504166666666 15.4936666666667
2099 15.217375 25.2957083333333 10.6204166666667 18.780375 20.0265 13.9017916666667 21.5239583333333 26.2645416666667 13.9017916666667 9.43420833333333 21.5239583333333 21.5239583333333 9.43420833333333 15.5095
2100 15.234875 25.672375 10.62875 18.8595416666667 20.1406666666667 13.9109583333333 21.6947916666667 26.7795416666667 13.9109583333333 9.44504166666666 21.6947916666667 21.6947916666667 9.44504166666666 15.4845
