Bigeye Mahi BlueShark Skipjack Yellowfin Albacore StripedMarlin Wahoo BigeyeThresherShark Swordfish BlueMarlin ShortfinMakoShark Lancetfish Opah
2005 13.74 22.59 9.609 17.05 18.23 12.56 19.59 23.36 12.56 8.54 19.59 19.59 8.54 14.05
2006 13.898375 22.9371666666667 9.69960833333333 17.2992083333333 18.5227083333333 12.697625 19.9347083333333 23.7055833333333 12.697625 8.61561666666667 19.9347083333333 19.9347083333333 8.61561666666667 14.2225833333333
2007 13.8992083333333 23.0096666666667 9.697025 17.290875 18.5102083333333 12.697625 19.921375 23.70975 12.697625 8.61261666666667 19.921375 19.921375 8.61261666666667 14.2159166666667
2008 13.8417083333333 22.9821666666667 9.66544166666667 17.2025416666667 18.4052083333333 12.647625 19.796375 23.81225 12.647625 8.58628333333333 19.796375 19.796375 8.58628333333333 14.1284166666667
2009 13.9192083333333 22.8021666666667 9.718525 17.2717083333333 18.456875 12.7192916666667 19.8072083333333 23.5755833333333 12.7192916666667 8.63203333333333 19.8072083333333 19.8072083333333 8.63203333333333 14.25425
2010 13.753375 22.5346666666667 9.61744166666667 17.048375 18.2135416666667 12.575125 19.5480416666667 23.38225 12.575125 8.54553333333333 19.5480416666667 19.5480416666667 8.54553333333333 14.06925
2011 13.7617083333333 22.7488333333333 9.61010833333333 17.103375 18.3002083333333 12.5734583333333 19.686375 23.60475 12.5734583333333 8.53786666666667 19.686375 19.686375 8.53786666666667 14.05925
2012 13.8050416666667 22.9621666666667 9.63644166666667 17.1742083333333 18.384375 12.610125 19.7980416666667 23.7289166666667 12.610125 8.56145 19.7980416666667 19.7980416666667 8.56145 14.09425
2013 13.9000416666667 23.1288333333333 9.69469166666667 17.3017083333333 18.521875 12.6934583333333 19.9347083333333 23.8880833333333 12.6934583333333 8.61153333333333 19.9347083333333 19.9347083333333 8.61153333333333 14.1984166666667
2014 13.9992083333333 23.103 9.76185833333333 17.415875 18.6335416666667 12.7859583333333 20.033875 23.91225 12.7859583333333 8.66903333333333 20.033875 20.033875 8.66903333333333 14.3259166666667
2015 13.8875416666667 23.013 9.69294166666667 17.2600416666667 18.4727083333333 12.687625 19.8797083333333 23.9139166666667 12.687625 8.60953333333333 19.8797083333333 19.8797083333333 8.60953333333333 14.1775833333333
2016 13.9417083333333 23.2121666666667 9.72394166666667 17.340875 18.5610416666667 12.7359583333333 19.978875 24.1155833333333 12.7359583333333 8.63461666666667 19.978875 19.978875 8.63461666666667 14.2250833333333
2017 14.0300416666667 23.288 9.77235833333333 17.4525416666667 18.666875 12.8117916666667 20.0730416666667 24.0655833333333 12.8117916666667 8.6747 20.0730416666667 20.0730416666667 8.6747 14.33675
2018 14.058375 23.1855 9.79869166666667 17.4467083333333 18.6435416666667 12.8459583333333 20.021375 23.93975 12.8459583333333 8.69795 20.021375 20.021375 8.69795 14.3809166666667
2019 14.0125416666667 22.9063333333333 9.77419166666667 17.3492083333333 18.5252083333333 12.8084583333333 19.8772083333333 23.6964166666667 12.8084583333333 8.67611666666667 19.8772083333333 19.8772083333333 8.67611666666667 14.34675
2020 13.9192083333333 23.0155 9.711775 17.2550416666667 18.441875 12.725125 19.833875 23.8930833333333 12.725125 8.62128333333333 19.833875 19.833875 8.62128333333333 14.20925
2021 13.960875 23.2955 9.72994166666667 17.3500416666667 18.5735416666667 12.755125 20.018875 24.1214166666667 12.755125 8.63686666666667 20.018875 20.018875 8.63686666666667 14.2384166666667
2022 13.9875416666667 23.3571666666667 9.74994166666667 17.3775416666667 18.6002083333333 12.7784583333333 20.0422083333333 24.1589166666667 12.7784583333333 8.65511666666667 20.0422083333333 20.0422083333333 8.65511666666667 14.26425
2023 14.0400416666667 23.2446666666667 9.78669166666667 17.445875 18.671875 12.827625 20.1055416666667 24.10225 12.827625 8.6867 20.1055416666667 20.1055416666667 8.6867 14.34425
2024 14.025875 23.3213333333333 9.776025 17.4392083333333 18.674375 12.815125 20.1197083333333 24.11725 12.815125 8.67736666666667 20.1197083333333 20.1197083333333 8.67736666666667 14.32425
2025 14.110875 23.4238333333333 9.821275 17.5642083333333 18.804375 12.8867916666667 20.2480416666667 24.1780833333333 12.8867916666667 8.71453333333333 20.2480416666667 20.2480416666667 8.71453333333333 14.4309166666667
2026 14.1242083333333 23.2796666666667 9.83369166666667 17.5650416666667 18.789375 12.8992916666667 20.2005416666667 24.0464166666667 12.8992916666667 8.72586666666667 20.2005416666667 20.2005416666667 8.72586666666667 14.46175
2027 14.1367083333333 23.4055 9.84185833333333 17.5817083333333 18.8110416666667 12.912625 20.2397083333333 24.14975 12.912625 8.7327 20.2397083333333 20.2397083333333 8.7327 14.4584166666667
2028 14.028375 23.3038333333333 9.78044166666667 17.4217083333333 18.6410416666667 12.8184583333333 20.0705416666667 24.1164166666667 12.8184583333333 8.68136666666667 20.0705416666667 20.0705416666667 8.68136666666667 14.3159166666667
2029 14.1617083333333 23.5988333333333 9.854025 17.625875 18.8752083333333 12.932625 20.341375 24.3530833333333 12.932625 8.74203333333333 20.341375 20.341375 8.74203333333333 14.4659166666667
2030 14.1692083333333 23.4746666666667 9.86110833333333 17.6225416666667 18.8585416666667 12.940125 20.291375 24.1964166666667 12.940125 8.74778333333333 20.291375 20.291375 8.74778333333333 14.4975833333333
2031 14.1150416666667 23.4588333333333 9.833275 17.5267083333333 18.744375 12.8967916666667 20.1580416666667 24.4189166666667 12.8967916666667 8.7247 20.1580416666667 20.1580416666667 8.7247 14.3975833333333
2032 14.100875 23.4696666666667 9.828025 17.508375 18.729375 12.885125 20.1580416666667 24.41975 12.885125 8.72161666666667 20.1580416666667 20.1580416666667 8.72161666666667 14.3784166666667
2033 14.2600416666667 23.703 9.92019166666667 17.7400416666667 18.9902083333333 13.025125 20.4430416666667 24.5405833333333 13.025125 8.7992 20.4430416666667 20.4430416666667 8.7992 14.5709166666667
2034 14.3000416666667 23.5663333333333 9.94469166666667 17.790875 19.0410416666667 13.0609583333333 20.488875 24.32475 13.0609583333333 8.81953333333333 20.488875 20.488875 8.81953333333333 14.64925
2035 14.2942083333333 23.7613333333333 9.93385833333333 17.795875 19.0535416666667 13.0534583333333 20.5222083333333 24.5039166666667 13.0534583333333 8.80836666666667 20.5222083333333 20.5222083333333 8.80836666666667 14.6184166666667
2036 14.3242083333333 23.8138333333333 9.94844166666667 17.8375416666667 19.099375 13.0767916666667 20.5655416666667 24.6214166666667 13.0767916666667 8.82045 20.5655416666667 20.5655416666667 8.82045 14.65175
2037 14.2575416666667 23.798 9.907525 17.7550416666667 19.011875 13.0184583333333 20.486375 24.59725 13.0184583333333 8.78578333333333 20.486375 20.486375 8.78578333333333 14.5650833333333
2038 14.2942083333333 23.7046666666667 9.93260833333333 17.798375 19.0552083333333 13.0509583333333 20.523875 24.4364166666667 13.0509583333333 8.80795 20.523875 20.523875 8.80795 14.62675
2039 14.225875 23.6921666666667 9.883775 17.733375 18.9985416666667 12.9867916666667 20.4797083333333 24.5189166666667 12.9867916666667 8.76495 20.4797083333333 20.4797083333333 8.76495 14.54175
2040 14.2950416666667 23.8788333333333 9.92685833333333 17.8275416666667 19.1010416666667 13.047625 20.5847083333333 24.6480833333333 13.047625 8.80245 20.5847083333333 20.5847083333333 8.80245 14.6109166666667
2041 14.3217083333333 23.8446666666667 9.94094166666667 17.8567083333333 19.1160416666667 13.067625 20.5747083333333 24.6630833333333 13.067625 8.81445 20.5747083333333 20.5747083333333 8.81445 14.64675
2042 14.2992083333333 23.9063333333333 9.92360833333333 17.830875 19.089375 13.0459583333333 20.553875 24.84475 13.0459583333333 8.79845 20.553875 20.553875 8.79845 14.59925
2043 14.3417083333333 23.7813333333333 9.95369166666667 17.8617083333333 19.111875 13.0867916666667 20.5605416666667 24.6555833333333 13.0867916666667 8.82453333333333 20.5605416666667 20.5605416666667 8.82453333333333 14.6725833333333
2044 14.4000416666667 24.0021666666667 9.984025 17.9467083333333 19.2052083333333 13.1367916666667 20.6705416666667 24.72225 13.1367916666667 8.84911666666667 20.6705416666667 20.6705416666667 8.84911666666667 14.73175
2045 14.345875 23.9638333333333 9.94735833333333 17.883375 19.1510416666667 13.087625 20.6405416666667 24.8880833333333 13.087625 8.81745 20.6405416666667 20.6405416666667 8.81745 14.6534166666667
2046 14.415875 24.2421666666667 9.99444166666667 17.980875 19.261875 13.1517916666667 20.7780416666667 25.06225 13.1517916666667 8.85903333333333 20.7780416666667 20.7780416666667 8.85903333333333 14.7125833333333
2047 14.4817083333333 24.2238333333333 10.0376083333333 18.0467083333333 19.319375 13.210125 20.811375 25.06225 13.210125 8.89553333333333 20.811375 20.811375 8.89553333333333 14.79175
2048 14.5342083333333 24.2055 10.0704416666667 18.1075416666667 19.381875 13.260125 20.8705416666667 25.0314166666667 13.260125 8.92278333333333 20.8705416666667 20.8705416666667 8.92278333333333 14.8659166666667
2049 14.465875 24.1813333333333 10.0313583333333 18.0217083333333 19.3002083333333 13.202625 20.8055416666667 24.9639166666667 13.202625 8.8897 20.8055416666667 20.8055416666667 8.8897 14.7775833333333
2050 14.5875416666667 24.5213333333333 10.0936916666667 18.220875 19.526875 13.3042916666667 21.0722083333333 25.25975 13.3042916666667 8.9407 21.0722083333333 21.0722083333333 8.9407 14.9150833333333
2051 14.650875 24.3713333333333 10.135025 18.2875416666667 19.581875 13.3634583333333 21.091375 25.0630833333333 13.3634583333333 8.97586666666667 21.091375 21.091375 8.97586666666667 15.0150833333333
2052 14.5800416666667 24.1496666666667 10.095775 18.165875 19.4402083333333 13.2992916666667 20.9205416666667 24.91225 13.2992916666667 8.94295 20.9205416666667 20.9205416666667 8.94295 14.9400833333333
2053 14.5550416666667 24.1905 10.0869416666667 18.123375 19.3960416666667 13.282625 20.8955416666667 24.9589166666667 13.282625 8.93645 20.8955416666667 20.8955416666667 8.93645 14.8925833333333
2054 14.5800416666667 24.3596666666667 10.1016916666667 18.1642083333333 19.4477083333333 13.305125 20.9672083333333 25.10725 13.305125 8.94903333333333 20.9672083333333 20.9672083333333 8.94903333333333 14.9050833333333
2055 14.5342083333333 24.3746666666667 10.0734416666667 18.1067083333333 19.3910416666667 13.2634583333333 20.9080416666667 25.34975 13.2634583333333 8.92478333333333 20.9080416666667 20.9080416666667 8.92478333333333 14.8284166666667
2056 14.7417083333333 24.7413333333333 10.1948583333333 18.3992083333333 19.7110416666667 13.445125 21.241375 25.6289166666667 13.445125 9.0272 21.241375 21.241375 9.0272 15.0634166666667
2057 14.720875 24.7055 10.1768583333333 18.3917083333333 19.7135416666667 13.425125 21.256375 25.6430833333333 13.425125 9.01103333333333 21.256375 21.256375 9.01103333333333 15.0359166666667
2058 14.7850416666667 24.833 10.2154416666667 18.485875 19.8177083333333 13.4784583333333 21.3647083333333 25.56225 13.4784583333333 9.04428333333333 21.3647083333333 21.3647083333333 9.04428333333333 15.1209166666667
2059 14.8142083333333 24.7855 10.2341916666667 18.503375 19.8177083333333 13.5067916666667 21.3472083333333 25.7030833333333 13.5067916666667 9.0597 21.3472083333333 21.3472083333333 9.0597 15.1484166666667
2060 14.8725416666667 24.8071666666667 10.274025 18.555875 19.8577083333333 13.562625 21.3705416666667 25.6289166666667 13.562625 9.09378333333333 21.3705416666667 21.3705416666667 9.09378333333333 15.22425
2061 14.900875 24.908 10.2898583333333 18.585875 19.8860416666667 13.587625 21.4155416666667 25.72725 13.587625 9.1062 21.4155416666667 21.4155416666667 9.1062 15.2384166666667
2062 14.940875 24.9746666666667 10.3124416666667 18.6267083333333 19.936875 13.6267916666667 21.4822083333333 25.93725 13.6267916666667 9.12403333333333 21.4822083333333 21.4822083333333 9.12403333333333 15.2784166666667
2063 14.8800416666667 25.0746666666667 10.2596916666667 18.5917083333333 19.9210416666667 13.5609583333333 21.5030416666667 25.9805833333333 13.5609583333333 9.07678333333333 21.5030416666667 21.5030416666667 9.07678333333333 15.19675
2064 14.983375 25.1871666666667 10.3264416666667 18.7300416666667 20.071875 13.657625 21.666375 25.9880833333333 13.657625 9.13345 21.666375 21.666375 9.13345 15.3284166666667
2065 15.080875 25.3505 10.383025 18.8600416666667 20.2152083333333 13.7417916666667 21.8305416666667 25.9764166666667 13.7417916666667 9.18111666666667 21.8305416666667 21.8305416666667 9.18111666666667 15.4425833333333
2066 15.143375 25.3588333333333 10.4191083333333 18.9467083333333 20.311875 13.797625 21.928875 26.08475 13.797625 9.21078333333333 21.928875 21.928875 9.21078333333333 15.52175
2067 15.105875 25.3938333333333 10.400525 18.8825416666667 20.2377083333333 13.767625 21.8380416666667 26.24225 13.767625 9.19545 21.8380416666667 21.8380416666667 9.19545 15.4509166666667
2068 15.1717083333333 25.373 10.444025 18.9567083333333 20.3060416666667 13.827625 21.8855416666667 26.17475 13.827625 9.23253333333333 21.8855416666667 21.8855416666667 9.23253333333333 15.5425833333333
2069 15.1225416666667 25.263 10.4196916666667 18.870875 20.2035416666667 13.7867916666667 21.7680416666667 26.1530833333333 13.7867916666667 9.21286666666667 21.7680416666667 21.7680416666667 9.21286666666667 15.47675
2070 15.0900416666667 25.5296666666667 10.4006916666667 18.8417083333333 20.1860416666667 13.757625 21.7855416666667 26.3180833333333 13.757625 9.19703333333333 21.7855416666667 21.7855416666667 9.19703333333333 15.4009166666667
2071 15.213375 25.7755 10.471775 19.0367083333333 20.411875 13.865125 22.051375 26.49725 13.865125 9.25728333333333 22.051375 22.051375 9.25728333333333 15.54175
2072 15.3175416666667 25.6713333333333 10.5371083333333 19.1517083333333 20.509375 13.9592916666667 22.096375 26.4480833333333 13.9592916666667 9.31253333333333 22.096375 22.096375 9.31253333333333 15.6909166666667
2073 15.290875 25.4538333333333 10.5273583333333 19.0700416666667 20.394375 13.9392916666667 21.9355416666667 26.3355833333333 13.9392916666667 9.30545 21.9355416666667 21.9355416666667 9.30545 15.6650833333333
2074 15.2867083333333 25.5163333333333 10.530275 19.0450416666667 20.3677083333333 13.9417916666667 21.913875 26.45475 13.9417916666667 9.3087 21.913875 21.913875 9.3087 15.63675
2075 15.2717083333333 25.6888333333333 10.525275 19.013375 20.3285416666667 13.930125 21.883875 26.6464166666667 13.930125 9.30436666666667 21.883875 21.883875 9.30436666666667 15.58425
2076 15.265875 25.5013333333333 10.5206916666667 18.9992083333333 20.3077083333333 13.9242916666667 21.8530416666667 26.4055833333333 13.9242916666667 9.30036666666667 21.8530416666667 21.8530416666667 9.30036666666667 15.6084166666667
2077 15.270875 25.8005 10.5139416666667 19.0392083333333 20.3702083333333 13.9259583333333 21.963875 26.6680833333333 13.9259583333333 9.29228333333333 21.963875 21.963875 9.29228333333333 15.5800833333333
2078 15.3475416666667 25.8705 10.5663583333333 19.1267083333333 20.4635416666667 13.9942916666667 22.0655416666667 26.69225 13.9942916666667 9.33903333333333 22.0655416666667 22.0655416666667 9.33903333333333 15.6725833333333
2079 15.4525416666667 26.0821666666667 10.6264416666667 19.273375 20.6202083333333 14.0867916666667 22.231375 27.00725 14.0867916666667 9.3897 22.231375 22.231375 9.3897 15.7750833333333
2080 15.438375 25.8071666666667 10.6214416666667 19.2400416666667 20.579375 14.077625 22.1672083333333 26.6764166666667 14.077625 9.38561666666667 22.1672083333333 22.1672083333333 9.38561666666667 15.79675
2081 15.3750416666667 25.898 10.5853583333333 19.1525416666667 20.4885416666667 14.022625 22.0855416666667 26.9139166666667 14.022625 9.35403333333333 22.0855416666667 22.0855416666667 9.35403333333333 15.6884166666667
2082 15.4192083333333 25.9013333333333 10.6203583333333 19.2017083333333 20.5410416666667 14.0659583333333 22.1497083333333 26.6989166666667 14.0659583333333 9.38653333333333 22.1497083333333 22.1497083333333 9.38653333333333 15.7525833333333
2083 15.4525416666667 26.0446666666667 10.6386916666667 19.250875 20.6002083333333 14.0942916666667 22.2222083333333 26.86725 14.0942916666667 9.4007 22.2222083333333 22.2222083333333 9.4007 15.7759166666667
2084 15.513375 25.9438333333333 10.679025 19.3275416666667 20.674375 14.1484583333333 22.283875 26.8305833333333 14.1484583333333 9.43686666666667 22.283875 22.283875 9.43686666666667 15.8634166666667
2085 15.5667083333333 26.093 10.7016916666667 19.4275416666667 20.791875 14.1909583333333 22.4105416666667 26.9164166666667 14.1909583333333 9.45386666666667 22.4105416666667 22.4105416666667 9.45386666666667 15.9284166666667
2086 15.6325416666667 26.2071666666667 10.7446083333333 19.4925416666667 20.846875 14.2534583333333 22.4430416666667 27.15725 14.2534583333333 9.49003333333333 22.4430416666667 22.4430416666667 9.49003333333333 15.9850833333333
2087 15.6100416666667 26.0238333333333 10.7318583333333 19.430875 20.7602083333333 14.232625 22.3255416666667 26.90725 14.232625 9.4777 22.3255416666667 22.3255416666667 9.4777 15.97675
2088 15.6000416666667 26.0913333333333 10.7268583333333 19.4050416666667 20.7335416666667 14.2259583333333 22.3105416666667 27.0480833333333 14.2259583333333 9.47411666666667 22.3105416666667 22.3105416666667 9.47411666666667 15.9425833333333
2089 15.618375 26.0721666666667 10.7439416666667 19.4242083333333 20.756875 14.245125 22.3555416666667 27.01975 14.245125 9.48995 22.3555416666667 22.3555416666667 9.48995 15.9675833333333
2090 15.7050416666667 26.333 10.7871083333333 19.578375 20.936875 14.3167916666667 22.5572083333333 27.25975 14.3167916666667 9.52445 22.5572083333333 22.5572083333333 9.52445 16.06425
2091 15.715875 26.1155 10.798775 19.5750416666667 20.919375 14.327625 22.506375 27.0155833333333 14.327625 9.53395 22.506375 22.506375 9.53395 16.1009166666667
2092 15.7517083333333 26.2446666666667 10.8246083333333 19.6100416666667 20.949375 14.3634583333333 22.526375 27.24725 14.3634583333333 9.5572 22.526375 22.526375 9.5572 16.1200833333333
2093 15.7975416666667 26.3921666666667 10.851275 19.6742083333333 21.0252083333333 14.4042916666667 22.6230416666667 27.3605833333333 14.4042916666667 9.58045 22.6230416666667 22.6230416666667 9.58045 16.1600833333333
2094 15.803375 26.5555 10.853775 19.698375 21.059375 14.4084583333333 22.686375 27.34475 14.4084583333333 9.58195 22.686375 22.686375 9.58195 16.1584166666667
2095 15.880875 26.5605 10.9029416666667 19.7892083333333 21.149375 14.4767916666667 22.771375 27.4580833333333 14.4767916666667 9.62361666666667 22.771375 22.771375 9.62361666666667 16.2525833333333
2096 15.8650416666667 26.6796666666667 10.8921083333333 19.780875 21.1552083333333 14.4634583333333 22.808875 27.49975 14.4634583333333 9.61511666666667 22.808875 22.808875 9.61511666666667 16.22175
2097 15.9075416666667 26.623 10.9196083333333 19.8417083333333 21.229375 14.5009583333333 22.8847083333333 27.4480833333333 14.5009583333333 9.63853333333333 22.8847083333333 22.8847083333333 9.63853333333333 16.2909166666667
2098 15.908375 26.8496666666667 10.9179416666667 19.8625416666667 21.2577083333333 14.4992916666667 22.9247083333333 27.6805833333333 14.4992916666667 9.6387 22.9247083333333 22.9247083333333 9.6387 16.2575833333333
2099 16.0117083333333 26.8488333333333 10.9904416666667 19.9900416666667 21.3902083333333 14.5967916666667 23.048875 27.69725 14.5967916666667 9.70178333333333 23.048875 23.048875 9.70178333333333 16.3925833333333
2100 16.1375416666667 27.108 11.061275 20.1775416666667 21.5985416666667 14.702625 23.2705416666667 27.98225 14.702625 9.75936666666667 23.2705416666667 23.2705416666667 9.75936666666667 16.5275833333333
