Bigeye Mahi BlueShark Skipjack Yellowfin Albacore StripedMarlin Wahoo BigeyeThresherShark Swordfish BlueMarlin ShortfinMakoShark Lancetfish Opah
2005 13.74 22.59 9.609 17.05 18.23 12.56 19.59 23.36 12.56 8.54 19.59 19.59 8.54 14.05
2006 13.7974166666667 22.6388333333333 9.656225 17.0845 18.264875 12.6189166666667 19.6395833333333 23.4807916666667 12.6189166666667 8.58056666666667 19.6395833333333 19.6395833333333 8.58056666666667 14.097125
2007 13.8874166666667 23.0271666666667 9.69855833333333 17.2545 18.474875 12.6914166666667 19.9095833333333 23.8274583333333 12.6914166666667 8.6149 19.9095833333333 19.9095833333333 8.6149 14.1787916666667
2008 13.98075 23.0905 9.75080833333333 17.402 18.6457083333333 12.76975 20.09375 23.8182916666667 12.76975 8.65973333333333 20.09375 20.09375 8.65973333333333 14.312125
2009 13.9374166666667 23.0938333333333 9.72414166666667 17.3345 18.5582083333333 12.7330833333333 19.97875 23.9824583333333 12.7330833333333 8.63648333333333 19.97875 19.97875 8.63648333333333 14.242125
2010 13.9765833333333 22.9688333333333 9.74930833333333 17.3628333333333 18.5690416666667 12.7689166666667 19.9595833333333 23.6557916666667 12.7689166666667 8.65756666666667 19.9595833333333 19.9595833333333 8.65756666666667 14.3137916666667
2011 13.8949166666667 22.6855 9.70430833333333 17.2345 18.422375 12.69975 19.7879166666667 23.559125 12.69975 8.61923333333333 19.7879166666667 19.7879166666667 8.61923333333333 14.2254583333333
2012 13.8265833333333 22.8721666666667 9.65989166666667 17.1728333333333 18.374875 12.63475 19.7754166666667 23.7232916666667 12.63475 8.5824 19.7754166666667 19.7754166666667 8.5824 14.1154583333333
2013 13.9640833333333 22.9805 9.747725 17.3428333333333 18.5415416666667 12.7589166666667 19.9245833333333 23.821625 12.7589166666667 8.65865 19.9245833333333 19.9245833333333 8.65865 14.2812916666667
2014 13.9774166666667 22.838 9.757975 17.3595 18.5565416666667 12.77225 19.9270833333333 23.566625 12.77225 8.66765 19.9270833333333 19.9270833333333 8.66765 14.3279583333333
2015 13.96325 23.1438333333333 9.74455833333333 17.3436666666667 18.5515416666667 12.7564166666667 19.9595833333333 24.0732916666667 12.7564166666667 8.65515 19.9595833333333 19.9595833333333 8.65515 14.2512916666667
2016 14.0649166666667 23.4046666666667 9.808225 17.4695 18.6857083333333 12.84975 20.10875 24.201625 12.84975 8.70856666666667 20.10875 20.10875 8.70856666666667 14.3529583333333
2017 13.98075 23.0571666666667 9.76580833333333 17.3053333333333 18.4832083333333 12.78225 19.8604166666667 24.0024583333333 12.78225 8.67223333333333 19.8604166666667 19.8604166666667 8.67223333333333 14.269625
2018 13.95575 23.018 9.755725 17.2645 18.4507083333333 12.7655833333333 19.8479166666667 23.8999583333333 12.7655833333333 8.6639 19.8479166666667 19.8479166666667 8.6639 14.234625
2019 14.0115833333333 23.1938333333333 9.79280833333333 17.357 18.5640416666667 12.8164166666667 19.9895833333333 23.9507916666667 12.8164166666667 8.6959 19.9895833333333 19.9895833333333 8.6959 14.2954583333333
2020 14.0340833333333 23.0396666666667 9.80614166666667 17.382 18.582375 12.8364166666667 19.9820833333333 23.8674583333333 12.8364166666667 8.70665 19.9820833333333 19.9820833333333 8.70665 14.3479583333333
2021 13.9174166666667 22.9905 9.736475 17.2436666666667 18.447375 12.73475 19.8670833333333 24.0057916666667 12.73475 8.64773333333333 19.8670833333333 19.8670833333333 8.64773333333333 14.1862916666667
2022 14.04075 23.3505 9.80364166666667 17.4453333333333 18.687375 12.8355833333333 20.15375 24.1857916666667 12.8355833333333 8.70456666666666 20.15375 20.15375 8.70456666666666 14.327125
2023 14.1815833333333 23.3163333333333 9.89105833333333 17.6161666666667 18.8507083333333 12.96225 20.28125 23.991625 12.96225 8.7794 20.28125 20.28125 8.7794 14.524625
2024 14.0965833333333 23.1521666666667 9.83589166666667 17.5028333333333 18.7332083333333 12.8855833333333 20.15875 23.916625 12.8855833333333 8.73081666666667 20.15875 20.15875 8.73081666666667 14.427125
2025 14.10575 23.4605 9.83789166666667 17.5453333333333 18.797375 12.8914166666667 20.2670833333333 24.2857916666667 12.8914166666667 8.7324 20.2670833333333 20.2670833333333 8.7324 14.4004583333333
2026 14.0799166666667 23.4121666666667 9.82589166666667 17.4978333333333 18.737375 12.86975 20.1945833333333 24.271625 12.86975 8.72273333333333 20.1945833333333 20.1945833333333 8.72273333333333 14.3654583333333
2027 14.16075 23.2363333333333 9.88530833333333 17.5753333333333 18.797375 12.9464166666667 20.2104166666667 24.069125 12.9464166666667 8.77556666666667 20.2104166666667 20.2104166666667 8.77556666666667 14.4937916666667
2028 14.07325 23.3455 9.82155833333333 17.4953333333333 18.734875 12.8630833333333 20.1879166666667 24.1982916666667 12.8630833333333 8.7184 20.1879166666667 20.1879166666667 8.7184 14.3679583333333
2029 14.1365833333333 23.673 9.846725 17.632 18.9132083333333 12.90975 20.4254166666667 24.4532916666667 12.90975 8.73865 20.4254166666667 20.4254166666667 8.73865 14.4279583333333
2030 14.2299166666667 23.833 9.89805833333333 17.777 19.074875 12.9880833333333 20.5895833333333 24.6507916666667 12.9880833333333 8.78165 20.5895833333333 20.5895833333333 8.78165 14.5379583333333
2031 14.2515833333333 23.8538333333333 9.91239166666667 17.7945 19.082375 13.0080833333333 20.5820833333333 24.7182916666667 13.0080833333333 8.79448333333333 20.5820833333333 20.5820833333333 8.79448333333333 14.557125
2032 14.2024166666667 23.508 9.89680833333333 17.6661666666667 18.9040416666667 12.97225 20.33375 24.341625 12.97225 8.7834 20.33375 20.33375 8.7834 14.5179583333333
2033 14.17575 23.2605 9.87355833333333 17.6311666666667 18.8640416666667 12.9489166666667 20.2870833333333 24.2149583333333 12.9489166666667 8.7609 20.2870833333333 20.2870833333333 8.7609 14.5154583333333
2034 14.1374166666667 23.4271666666667 9.85630833333333 17.5753333333333 18.807375 12.9164166666667 20.24625 24.4124583333333 12.9164166666667 8.74806666666667 20.24625 20.24625 8.74806666666667 14.4337916666667
2035 14.1540833333333 23.6455 9.85930833333333 17.6078333333333 18.8532083333333 12.92725 20.3129166666667 24.7507916666667 12.92725 8.74956666666667 20.3129166666667 20.3129166666667 8.74956666666667 14.4212916666667
2036 14.34325 23.933 9.96980833333333 17.8828333333333 19.1557083333333 13.09225 20.64125 24.7432916666667 13.09225 8.84265 20.64125 20.64125 8.84265 14.6554583333333
2037 14.46075 24.0188333333333 10.0343916666667 18.037 19.3165416666667 13.19475 20.80375 24.741625 13.19475 8.8954 20.80375 20.80375 8.8954 14.8062916666667
2038 14.4940833333333 23.9021666666667 10.0586416666667 18.0586666666667 19.3315416666667 13.22725 20.8095833333333 24.6424583333333 13.22725 8.91631666666667 20.8095833333333 20.8095833333333 8.91631666666667 14.8587916666667
2039 14.3690833333333 23.663 9.98430833333333 17.8703333333333 19.1157083333333 13.1230833333333 20.5604166666667 24.4999583333333 13.1230833333333 8.8519 20.5604166666667 20.5604166666667 8.8519 14.7129583333333
2040 14.3749166666667 23.7846666666667 9.987475 17.8845 19.1415416666667 13.12225 20.60875 24.6674583333333 13.12225 8.85431666666667 20.60875 20.60875 8.85431666666667 14.7012916666667
2041 14.31825 23.8021666666667 9.956975 17.807 19.057375 13.0764166666667 20.5245833333333 24.7674583333333 13.0764166666667 8.83006666666667 20.5245833333333 20.5245833333333 8.83006666666667 14.6154583333333
2042 14.4365833333333 24.0371666666667 10.020725 17.9945 19.2740416666667 13.1739166666667 20.7729166666667 25.009125 13.1739166666667 8.88323333333333 20.7729166666667 20.7729166666667 8.88323333333333 14.7479583333333
2043 14.44825 24.1871666666667 10.024725 18.0128333333333 19.2915416666667 13.1839166666667 20.7879166666667 25.1124583333333 13.1839166666667 8.88548333333333 20.7879166666667 20.7879166666667 8.88548333333333 14.7437916666667
2044 14.6215833333333 24.4496666666667 10.133725 18.2228333333333 19.5057083333333 13.3389166666667 21.0020833333333 25.2074583333333 13.3389166666667 8.9784 21.0020833333333 21.0020833333333 8.9784 14.939625
2045 14.56825 24.1855 10.1003083333333 18.1303333333333 19.3857083333333 13.2955833333333 20.84875 25.1757916666667 13.2955833333333 8.9484 20.84875 20.84875 8.9484 14.8937916666667
2046 14.59825 24.123 10.116225 18.1653333333333 19.4332083333333 13.3214166666667 20.9104166666667 25.006625 13.3214166666667 8.96106666666667 20.9104166666667 20.9104166666667 8.96106666666667 14.9487916666667
2047 14.61825 24.3555 10.1223083333333 18.232 19.534875 13.33475 21.06125 25.189125 13.33475 8.9659 21.06125 21.06125 8.9659 14.9462916666667
2048 14.70575 24.5913333333333 10.176975 18.3561666666667 19.6657083333333 13.4130833333333 21.1954166666667 25.4732916666667 13.4130833333333 9.01273333333333 21.1954166666667 21.1954166666667 9.01273333333333 15.0362916666667
2049 14.8165833333333 24.5771666666667 10.251725 18.4761666666667 19.7765416666667 13.5155833333333 21.2795833333333 25.394125 13.5155833333333 9.07756666666667 21.2795833333333 21.2795833333333 9.07756666666667 15.1812916666667
2050 14.79075 24.5788333333333 10.228225 18.4411666666667 19.7365416666667 13.4889166666667 21.24375 25.4507916666667 13.4889166666667 9.05506666666667 21.24375 21.24375 9.05506666666667 15.137125
2051 14.6865833333333 24.4621666666667 10.1680583333333 18.2961666666667 19.5882083333333 13.39975 21.1079166666667 25.339125 13.39975 9.00423333333333 21.1079166666667 21.1079166666667 9.00423333333333 15.019625
2052 14.80075 24.6221666666667 10.2363916666667 18.4478333333333 19.749875 13.5005833333333 21.2779166666667 25.5032916666667 13.5005833333333 9.06281666666666 21.2779166666667 21.2779166666667 9.06281666666666 15.149625
2053 14.78325 24.468 10.2343083333333 18.3878333333333 19.6607083333333 13.49225 21.1554166666667 25.3474583333333 13.49225 9.06206666666667 21.1554166666667 21.1554166666667 9.06206666666667 15.1329583333333
2054 14.65325 24.3155 10.1708083333333 18.1728333333333 19.4207083333333 13.38725 20.89375 25.389125 13.38725 9.00973333333333 20.89375 20.89375 9.00973333333333 14.9562916666667
2055 14.7174166666667 24.4863333333333 10.2113916666667 18.2711666666667 19.5407083333333 13.4439166666667 21.0454166666667 25.354125 13.4439166666667 9.04456666666667 21.0454166666667 21.0454166666667 9.04456666666667 15.0304583333333
2056 14.74825 24.5013333333333 10.2263916666667 18.3211666666667 19.602375 13.4680833333333 21.1154166666667 25.3782916666667 13.4680833333333 9.05656666666667 21.1154166666667 21.1154166666667 9.05656666666667 15.072125
2057 14.7274166666667 24.438 10.216975 18.2945 19.574875 13.4505833333333 21.0920833333333 25.2899583333333 13.4505833333333 9.04906666666666 21.0920833333333 21.0920833333333 9.04906666666666 15.0479583333333
2058 14.8090833333333 24.5046666666667 10.2733083333333 18.3995 19.6865416666667 13.52475 21.2004166666667 25.3274583333333 13.52475 9.09865 21.2004166666667 21.2004166666667 9.09865 15.1462916666667
2059 14.8874166666667 24.6963333333333 10.3213083333333 18.5153333333333 19.819875 13.5964166666667 21.35875 25.5782916666667 13.5964166666667 9.13956666666667 21.35875 21.35875 9.13956666666667 15.219625
2060 14.9324166666667 24.7363333333333 10.341225 18.597 19.9182083333333 13.6314166666667 21.4670833333333 25.5574583333333 13.6314166666667 9.15465 21.4670833333333 21.4670833333333 9.15465 15.2937916666667
2061 14.91325 24.698 10.3320583333333 18.557 19.8607083333333 13.6164166666667 21.3904166666667 25.5582916666667 13.6164166666667 9.14706666666667 21.3904166666667 21.3904166666667 9.14706666666667 15.2637916666667
2062 14.8890833333333 24.778 10.317475 18.5236666666667 19.824875 13.5955833333333 21.35875 25.696625 13.5955833333333 9.13415 21.35875 21.35875 9.13415 15.2129583333333
2063 14.88075 24.8755 10.308475 18.5053333333333 19.8057083333333 13.58475 21.3454166666667 25.969125 13.58475 9.1254 21.3454166666667 21.3454166666667 9.1254 15.1712916666667
2064 14.9824166666667 24.9655 10.3705583333333 18.6486666666667 19.9690416666667 13.6755833333333 21.52875 25.9574583333333 13.6755833333333 9.17881666666667 21.52875 21.52875 9.17881666666667 15.3079583333333
2065 15.0299166666667 25.128 10.3853916666667 18.7445 20.0840416666667 13.70975 21.6679166666667 26.036625 13.70975 9.1884 21.6679166666667 21.6679166666667 9.1884 15.3662916666667
2066 15.15075 25.2855 10.460725 18.8928333333333 20.2357083333333 13.8205833333333 21.8154166666667 26.176625 13.8205833333333 9.25223333333333 21.8154166666667 21.8154166666667 9.25223333333333 15.499625
2067 15.1399166666667 25.0621666666667 10.4556416666667 18.862 20.1915416666667 13.8114166666667 21.74625 25.911625 13.8114166666667 9.24823333333333 21.74625 21.74625 9.24823333333333 15.517125
2068 15.2140833333333 25.2896666666667 10.4993083333333 18.9578333333333 20.2890416666667 13.87725 21.8479166666667 26.1724583333333 13.87725 9.28481666666667 21.8479166666667 21.8479166666667 9.28481666666667 15.5712916666667
2069 15.2449166666667 25.2055 10.521975 18.977 20.2965416666667 13.9080833333333 21.8295833333333 26.1157916666667 13.9080833333333 9.30381666666667 21.8295833333333 21.8295833333333 9.30381666666667 15.6187916666667
2070 15.27325 25.2746666666667 10.5436416666667 19.0011666666667 20.3132083333333 13.9364166666667 21.85125 26.174125 13.9364166666667 9.32231666666667 21.85125 21.85125 9.32231666666667 15.6387916666667
2071 15.3199166666667 25.3421666666667 10.5675583333333 19.0728333333333 20.4032083333333 13.9764166666667 21.96125 26.174125 13.9764166666667 9.34215 21.96125 21.96125 9.34215 15.6979583333333
2072 15.3224166666667 25.4613333333333 10.5715583333333 19.087 20.4282083333333 13.9789166666667 22.0104166666667 26.2899583333333 13.9789166666667 9.34623333333333 22.0104166666667 22.0104166666667 9.34623333333333 15.687125
2073 15.43075 25.7113333333333 10.643975 19.2236666666667 20.5715416666667 14.07725 22.16125 26.5657916666667 14.07725 9.4074 22.16125 22.16125 9.4074 15.7987916666667
2074 15.4074166666667 25.2746666666667 10.6365583333333 19.147 20.4615416666667 14.0639166666667 21.9845833333333 26.2157916666667 14.0639166666667 9.40298333333333 21.9845833333333 21.9845833333333 9.40298333333333 15.8054583333333
2075 15.3340833333333 25.4463333333333 10.5823916666667 19.0795 20.404875 13.9914166666667 21.9629166666667 26.406625 13.9914166666667 9.35573333333333 21.9629166666667 21.9629166666667 9.35573333333333 15.6904583333333
2076 15.3699166666667 25.5696666666667 10.604975 19.1436666666667 20.4857083333333 14.0239166666667 22.0745833333333 26.379125 14.0239166666667 9.37565 22.0745833333333 22.0745833333333 9.37565 15.732125
2077 15.4699166666667 25.7796666666667 10.6701416666667 19.277 20.6307083333333 14.1105833333333 22.2320833333333 26.744125 14.1105833333333 9.43248333333333 22.2320833333333 22.2320833333333 9.43248333333333 15.8279583333333
2078 15.5649166666667 25.923 10.7243916666667 19.4095 20.774875 14.1964166666667 22.3845833333333 26.7932916666667 14.1964166666667 9.47706666666667 22.3845833333333 22.3845833333333 9.47706666666667 15.9429583333333
2079 15.5415833333333 25.7796666666667 10.7101416666667 19.3636666666667 20.717375 14.1755833333333 22.31125 26.5807916666667 14.1755833333333 9.46556666666667 22.31125 22.31125 9.46556666666667 15.9254583333333
2080 15.64825 25.788 10.7780583333333 19.4811666666667 20.8265416666667 14.2739166666667 22.3995833333333 26.6399583333333 14.2739166666667 9.52323333333333 22.3995833333333 22.3995833333333 9.52323333333333 16.0604583333333
2081 15.6290833333333 26.0063333333333 10.7650583333333 19.4553333333333 20.799875 14.2564166666667 22.3879166666667 27.0174583333333 14.2564166666667 9.51098333333333 22.3879166666667 22.3879166666667 9.51098333333333 15.9904583333333
2082 15.6149166666667 26.0471666666667 10.7583916666667 19.4411666666667 20.7965416666667 14.24475 22.4179166666667 26.7824583333333 14.24475 9.50598333333333 22.4179166666667 22.4179166666667 9.50598333333333 15.9837916666667
2083 15.7224166666667 26.208 10.820725 19.5903333333333 20.9607083333333 14.3364166666667 22.59875 27.119125 14.3364166666667 9.5574 22.59875 22.59875 9.5574 16.097125
2084 15.6899166666667 26.2105 10.805725 19.5211666666667 20.8732083333333 14.3130833333333 22.4820833333333 27.199125 14.3130833333333 9.54481666666667 22.4820833333333 22.4820833333333 9.54481666666667 16.039625
2085 15.65825 26.0096666666667 10.7925583333333 19.4595 20.8065416666667 14.2889166666667 22.4079166666667 26.9099583333333 14.2889166666667 9.53565 22.4079166666667 22.4079166666667 9.53565 16.0237916666667
2086 15.7324166666667 26.3046666666667 10.833225 19.587 20.9657083333333 14.3514166666667 22.6129166666667 27.189125 14.3514166666667 9.56856666666667 22.6129166666667 22.6129166666667 9.56856666666667 16.087125
2087 15.6774166666667 26.0888333333333 10.8096416666667 19.507 20.8740416666667 14.30475 22.5129166666667 27.031625 14.30475 9.55023333333333 22.5129166666667 22.5129166666667 9.55023333333333 16.047125
2088 15.6740833333333 26.1671666666667 10.8081416666667 19.5053333333333 20.877375 14.3039166666667 22.52125 27.0849583333333 14.3039166666667 9.55148333333333 22.52125 22.52125 9.55148333333333 16.0237916666667
2089 15.7840833333333 26.1321666666667 10.8873916666667 19.6195 20.9857083333333 14.4089166666667 22.61125 26.936625 14.4089166666667 9.62056666666667 22.61125 22.61125 9.62056666666667 16.1754583333333
2090 15.7424166666667 26.0913333333333 10.8623916666667 19.5486666666667 20.9065416666667 14.37225 22.5270833333333 27.0049583333333 14.37225 9.5974 22.5270833333333 22.5270833333333 9.5974 16.112125
2091 15.7190833333333 26.3346666666667 10.843225 19.5328333333333 20.904875 14.3489166666667 22.5554166666667 27.2949583333333 14.3489166666667 9.58081666666667 22.5554166666667 22.5554166666667 9.58081666666667 16.0387916666667
2092 15.7874166666667 26.2655 10.900725 19.6003333333333 20.964875 14.4155833333333 22.6029166666667 27.1399583333333 14.4155833333333 9.6329 22.6029166666667 22.6029166666667 9.6329 16.1387916666667
2093 15.7940833333333 26.3013333333333 10.900725 19.6228333333333 20.999875 14.42225 22.66375 27.1499583333333 14.42225 9.63123333333333 22.66375 22.66375 9.63123333333333 16.144625
2094 15.89075 26.6096666666667 10.9565583333333 19.7611666666667 21.152375 14.5080833333333 22.8229166666667 27.409125 14.5080833333333 9.67815 22.8229166666667 22.8229166666667 9.67815 16.2362916666667
2095 15.9549166666667 26.5313333333333 10.995725 19.8286666666667 21.2140416666667 14.5639166666667 22.8679166666667 27.4632916666667 14.5639166666667 9.7109 22.8679166666667 22.8679166666667 9.7109 16.3229583333333
2096 15.9840833333333 26.5105 11.0215583333333 19.8361666666667 21.2040416666667 14.5955833333333 22.8345833333333 27.4657916666667 14.5955833333333 9.73315 22.8345833333333 22.8345833333333 9.73315 16.3512916666667
2097 15.9099166666667 26.2388333333333 10.9798916666667 19.7095 21.0532083333333 14.5355833333333 22.65375 27.2449583333333 14.5355833333333 9.69706666666666 22.65375 22.65375 9.69706666666666 16.2804583333333
2098 15.9540833333333 26.603 11.000725 19.7886666666667 21.1515416666667 14.5714166666667 22.7820833333333 27.699125 14.5714166666667 9.71606666666667 22.7820833333333 22.7820833333333 9.71606666666667 16.287125
2099 16.01825 26.7621666666667 11.0390583333333 19.887 21.2640416666667 14.62725 22.92125 27.7424583333333 14.62725 9.7489 22.92125 22.92125 9.7489 16.3537916666667
2100 16.0774166666667 26.8746666666667 11.0748916666667 19.9795 21.369875 14.6789166666667 23.0470833333333 27.8774583333333 14.6789166666667 9.77906666666667 23.0470833333333 23.0470833333333 9.77906666666667 16.422125
